                           Apparent Places of JUPITER 
            Date              Time         RA             Dec         Dist
  Julian Date   Year Mon Da  h  m  s    h  m   s        ø  '   "       AU
 2452266.50000  2001 Dec 23  0 00 00    6 51 37.223  + 22 53 23.50   4.1976899
 2452267.50000  2001 Dec 24  0 00 00    6 51 03.071  + 22 54 13.85   4.1953126
 2452268.50000  2001 Dec 25  0 00 00    6 50 28.705  + 22 55 04.00   4.1932482
 2452269.50000  2001 Dec 26  0 00 00    6 49 54.150  + 22 55 53.91   4.1914976
 2452270.50000  2001 Dec 27  0 00 00    6 49 19.434  + 22 56 43.53   4.1900615
 2452271.50000  2001 Dec 28  0 00 00    6 48 44.584  + 22 57 32.85   4.1889405
 2452272.50000  2001 Dec 29  0 00 00    6 48 09.625  + 22 58 21.83   4.1881350
 2452273.50000  2001 Dec 30  0 00 00    6 47 34.583  + 22 59 10.43   4.1876455
 2452274.50000  2001 Dec 31  0 00 00    6 46 59.481  + 22 59 58.64   4.1874723
 2452275.50000  2002 Jan  1  0 00 00    6 46 24.342  + 23 00 46.43   4.1876155
                           Astrometric Places of JUPITER 
            Date              Time         RA             Dec         Dist
  Julian Date   Year Mon Da  h  m  s    h  m   s        ø  '   "       AU
 2452266.50000  2001 Dec 23  0 00 00    6 51 29.820  + 22 53 32.52   4.1976899
 2452267.50000  2001 Dec 24  0 00 00    6 50 55.657  + 22 54 22.78   4.1953126
 2452268.50000  2001 Dec 25  0 00 00    6 50 21.277  + 22 55 12.85   4.1932482
 2452269.50000  2001 Dec 26  0 00 00    6 49 46.708  + 22 56 02.70   4.1914976
 2452270.50000  2001 Dec 27  0 00 00    6 49 11.976  + 22 56 52.28   4.1900615
 2452271.50000  2001 Dec 28  0 00 00    6 48 37.106  + 22 57 41.54   4.1889405
 2452272.50000  2001 Dec 29  0 00 00    6 48 02.125  + 22 58 30.46   4.1881350
 2452273.50000  2001 Dec 30  0 00 00    6 47 27.057  + 22 59 19.00   4.1876455
 2452274.50000  2001 Dec 31  0 00 00    6 46 51.930  + 23 00 07.11   4.1874723
 2452275.50000  2002 Jan  1  0 00 00    6 46 16.767  + 23 00 54.76   4.1876155
                        Physical Ephemeris of JUPITER 
            Date              Time    Light  Vis Sq"  Diam Phase Angle Dfect
  Julian Date   Year Mon Da  h  m  s   Min   Mag Mag   "            ø    "
 2452266.50000  2001 Dec 23  0 00 00  34.91 -2.7 5.3 46.90 1.000   2.0   .01
 2452267.50000  2001 Dec 24  0 00 00  34.89 -2.7 5.3 46.93 1.000   1.8   .01
 2452268.50000  2001 Dec 25  0 00 00  34.87 -2.7 5.3 46.95 1.000   1.6   .01
 2452269.50000  2001 Dec 26  0 00 00  34.86 -2.7 5.3 46.97 1.000   1.4   .01
 2452270.50000  2001 Dec 27  0 00 00  34.85 -2.7 5.3 46.99 1.000   1.2   .00
 2452271.50000  2001 Dec 28  0 00 00  34.84 -2.7 5.3 47.00 1.000    .9   .00
 2452272.50000  2001 Dec 29  0 00 00  34.83 -2.7 5.3 47.01 1.000    .7   .00
 2452273.50000  2001 Dec 30  0 00 00  34.83 -2.7 5.3 47.02 1.000    .5   .00
 2452274.50000  2001 Dec 31  0 00 00  34.83 -2.7 5.3 47.02 1.000    .3   .00
 2452275.50000  2002 Jan  1  0 00 00  34.83 -2.7 5.3 47.02 1.000    .1   .00


         Celestial Navigation Data for 2001 Dec 23 at  0 00 00 UT (GMT)
                              Delta T =  65.1 seconds 
                 For Assumed Location:  Longitude   W  94 39.0
                                        Latitude    N  56 22.8

                     Almanac Data                   ³    Altitude Corrections
 Object       GHA        Dec         Hc       Zn    ³ Refr    SD     PA     Sum
              ø   '      ø   '      ø   '       ø   ³   '      '      '      '
 JUPITER    348 41.8   n22 53.4   +10 35.1    64.3  ³ -5.1     .4     .0   -4.6
 ARIES       91 36.0
           Geocentric Configurations for 2001 Dec 23 AT  0 00 00 TDT
                                            Position wrt Sun   (Moon Phase)
 Object       RA         Dec       Dist      HA Diff   Elong     Mag  Dia   %Il
             h  m  s     ø   '      AU          h  m       ø            "
 JUPITER     6 51 37   +22 53.4    4.1977     +11 14   W 169    -2.7   47   100
 VENUS      17 41 50   -23 25.2    1.6997     + 0 23   W   5    -3.9   10   100
 SUN        18 05 18   -23 26.0     .9836
 MERCURY    18 50 16   -25 06.0    1.3591     - 0 45   E  10     -.8    5    96
 NEPTUNE    20 38 04   -18 22.9   30.8870     - 2 33   E  36     8.0    2   100
 URANUS     21 38 39   -14 49.4   20.5937     - 3 33   E  51     5.9    3   100
 MARS       22 48 35   - 8 31.7    1.4292     - 4 43   E  69      .7    7    88
 MOON        0 17 54   - 3 47.7     .0027     - 6 13   E  91  (FIRST QTR)    51
 SATURN      4 34 21   +20 07.7    8.1404     -10 29   E 159     -.3   20   100
                 * * Sidereal Times for Longitude W  94 39.0 * *

                                        Greenwich Sidereal Times  Local Apparent
            Date              Time       Apparent      Mean        Sidereal Time
  Julian Date   Year Mon Da  h  m  s   h  m   s      h  m   s       h  m   s
 2452266.50000  2001 Dec 23  0 00 00   6 06 24.1985  6 06 25.2464  23 47 48.1985
 2452267.50000  2001 Dec 24  0 00 00   6 10 20.7505  6 10 21.8018  23 51 44.7505
 2452268.50000  2001 Dec 25  0 00 00   6 14 17.3033  6 14 18.3571  23 55 41.3033
 2452269.50000  2001 Dec 26  0 00 00   6 18 13.8578  6 18 14.9125  23 59 37.8578
 2452270.50000  2001 Dec 27  0 00 00   6 22 10.4150  6 22 11.4679   0 03 34.4150
 2452271.50000  2001 Dec 28  0 00 00   6 26 06.9754  6 26 08.0232   0 07 30.9754
 2452272.50000  2001 Dec 29  0 00 00   6 30 03.5388  6 30 04.5786   0 11 27.5388
 2452273.50000  2001 Dec 30  0 00 00   6 34 00.1045  6 34 01.1340   0 15 24.1045
 2452274.50000  2001 Dec 31  0 00 00   6 37 56.6709  6 37 57.6893   0 19 20.6709
 2452275.50000  2002 Jan  1  0 00 00   6 41 53.2360  6 41 54.2447   0 23 17.2360
