                 * * Sidereal Times for Longitude W  94 39.0 * *

                                        Greenwich Sidereal Times  Local Apparent
            Date              Time       Apparent      Mean        Sidereal Time
  Julian Date   Year Mon Da  h  m  s   h  m   s      h  m   s       h  m   s
 2452266.50000  2001 Dec 23  0 00 00   6 06 24.1985  6 06 25.2464  23 47 48.1985
 2452267.50000  2001 Dec 24  0 00 00   6 10 20.7505  6 10 21.8018  23 51 44.7505
 2452268.50000  2001 Dec 25  0 00 00   6 14 17.3033  6 14 18.3571  23 55 41.3033
 2452269.50000  2001 Dec 26  0 00 00   6 18 13.8578  6 18 14.9125  23 59 37.8578
 2452270.50000  2001 Dec 27  0 00 00   6 22 10.4150  6 22 11.4679   0 03 34.4150
 2452271.50000  2001 Dec 28  0 00 00   6 26 06.9754  6 26 08.0232   0 07 30.9754
 2452272.50000  2001 Dec 29  0 00 00   6 30 03.5388  6 30 04.5786   0 11 27.5388
 2452273.50000  2001 Dec 30  0 00 00   6 34 00.1045  6 34 01.1340   0 15 24.1045
 2452274.50000  2001 Dec 31  0 00 00   6 37 56.6709  6 37 57.6893   0 19 20.6709
 2452275.50000  2002 Jan  1  0 00 00   6 41 53.2360  6 41 54.2447   0 23 17.2360